ASCII (32-96)

{							//space
0,2,-1,
0,2,-1,
0,2,-1,
0,2,-1,
0,2,-1,
0,2,-1,
0,2,-1,-2
},
{							//!
0,1,1,1,-1,
0,1,1,1,-1,
0,1,1,1,-1,
0,1,1,1,-1,
0,1,1,1,-1,
0,3,-1,
0,1,1,1,-1,-2
},
{							//"
0,2,1,2,1,1,-1,
0,1,1,2,1,2,-1,
0,1,2,1,2,1,-1,
0,1,2,1,2,1,-1,
0,7,-1,
0,7,-1,
0,7,-1,-2
},
{							//#
0,1,1,3,1,1,-1,
7,-1,
0,1,1,3,1,1,-1,
0,1,1,3,1,1,-1,
0,1,1,3,1,1,-1,
7,-1,
0,1,1,3,1,1,-1,-2
},
{							//$
0,3,1,3,-1,
0,1,6,-1,
1,2,1,3,-1,
0,1,5,1,-1,
0,3,1,2,1,-1,
6,1,-1,
0,3,1,3,-1,-2
},	
{							//%
0,6,1,-1,
0,1,2,2,1,1,-1,
0,4,1,2,-1,
0,3,1,3,-1,
0,2,1,4,-1,
0,1,1,3,2,-1,
1,6,-1,-2
},
{							//&
0,3,3,6,-1,
0,2,1,3,1,5,-1,
0,3,2,7,-1,
0,1,1,3,1,3,1,2,-1,
1,6,1,4,-1,
0,1,1,4,1,2,1,2,-1,
0,2,3,6,1,-1,-2
},
{							//'
0,2,1,1,-1,
0,1,1,2,-1,
0,1,2,1,-1,
0,1,2,1,-1,
0,4,-1,
0,4,-1,
0,4,-1,-2
},
{							//(
0,2,1,-1,
0,1,1,1,-1,
1,2,-1,
1,2,-1,
1,2,-1,
0,1,1,1,-1,
0,2,1,-1,-2
},
{							//)
1,2,-1,
0,1,1,1,-1,
0,2,1,-1,
0,2,1,-1,
0,2,1,-1,
0,1,1,1,-1,
1,2,-1,-2
},
{							//*
1,5,1,5,1,-1,
0,2,1,3,1,3,1,2,-1,
0,4,1,1,1,1,1,4,-1,
0,6,1,6,-1,
0,4,1,1,1,1,1,4,-1,
0,2,1,3,1,3,1,2,-1,
1,5,1,5,1,-1,-2
},
{							//+
0,7,-1,
0,3,1,3,-1,
0,3,1,3,-1,
7,-1,
0,3,1,3,-1,
0,3,1,3,-1,
0,7,-1,-2
},
{							//,
0,4,-1,
0,4,-1,
0,4,-1,
0,1,2,1,-1,
0,1,2,1,-1,
0,2,1,1,-1,
0,1,1,2,-1,-2
},
{							//-
0,6,-1,
0,6,-1,
0,6,-1,
6,-1,
0,6,-1,
0,6,-1,
0,6,-1,-2
},
{							//.
0,4,-1,
0,4,-1,
0,4,-1,
0,4,-1,
0,1,2,1,-1,
0,1,2,1,-1,
0,4,-1,-2
},
{							// /
0,6,1,-1,
0,5,1,1,-1,
0,4,1,2,-1,
0,3,1,3,-1,
0,2,1,4,-1,
0,1,1,5,-1,
1,6,-1,-2
},
{							//0
0,1,5,1,-1,
1,4,2,-1,
1,3,1,1,1,-1,
1,2,1,2,1,-1,
1,1,1,3,1,-1,
2,4,1,-1,
0,1,5,1,-1,-2
},
{							//1
0,1,2,4,-1,
1,1,1,4,-1,
0,2,1,4,-1,
0,2,1,4,-1,
0,2,1,4,-1,
0,2,1,4,-1,
5,2,-1,-2
},
{							//2
0,1,5,1,-1,
1,5,1,-1,
0,6,1,-1,
0,5,1,1,-1,
0,3,1,3,-1,
0,1,1,5,-1,
7,-1,-2
},
{							//3
7,-1,
0,5,1,1,-1,
0,4,1,2,-1,
0,3,3,1,-1,
0,6,1,-1,
1,5,1,-1,
0,1,5,1,-1,-2
},
{							//4
0,4,1,2,-1,
0,3,1,3,-1,
0,2,1,4,-1,
0,1,1,3,1,1,-1,
7,-1,
0,5,1,1,-1,
0,5,1,1,-1,-2
},
{							//5
7,-1,
1,6,-1,
1,6,-1,
0,1,1,1,1,1,1,1,-1,
0,6,1,-1,
0,6,1,-1,
1,1,1,1,1,2,-1,-2
},
{							//6
0,1,5,1,-1,
1,5,1,-1,
1,6,-1,
6,1,-1,
1,5,1,-1,
1,5,1,-1,
0,1,5,1,-1,-2
},
{							//7
7,-1,
0,5,1,1,-1,
0,4,1,2,-1,
0,1,1,1,1,1,1,1,-1,
0,2,1,4,-1,
0,1,1,5,-1,
1,6,-1,-2
},
{							//8
0,2,1,1,1,2,-1,
1,5,1,-1,
0,1,1,3,1,1,-1,
0,2,3,2,-1,
1,5,1,-1,
1,5,1,-1,
0,2,1,1,1,2,-1,-2
},
{							//9
0,1,5,1,-1,
1,5,1,-1,
1,5,1,-1,
0,1,6,-1,
0,6,1,-1,
1,5,1,-1,
0,1,5,1,-1,-2
},
{							//:
0,4,-1,
0,4,-1,
0,1,2,1,-1,
0,4,-1,
0,1,2,1,-1,
0,4,-1,
0,4,-1,-2
},
{							//;
0,4,-1,
0,4,-1,
0,1,2,1,-1,
0,4,-1,
0,1,2,1,-1,
0,2,1,1,-1,
0,1,1,2,-1,-2
},
{							//<
0,6,1,-1,
0,4,1,2,-1,
0,2,1,4,-1,
1,6,-1,
0,2,1,4,-1,
0,4,1,2,-1,
0,6,1,-1,-2
},
{							//=
0,6,-1,
0,6,-1,
6,-1,
0,6,-1,
6,-1,
0,6,-1,
0,6,-1,-2
},
{							//>
1,6,-1,
0,2,1,4,-1,
0,4,1,2,-1,
0,6,1,-1,
0,4,1,2,-1,
0,2,1,4,-1,
1,6,-1,-2
},
{							//?
0,1,5,1,-1,
1,5,1,-1,
0,5,1,1,-1,
0,3,1,3,-1,
0,3,1,3,-1,
0,7,-1,
0,3,1,3,-1,-2
},
{							//@
0,4,4,4,-1,
0,1,1,8,1,1,-1,
1,3,4,3,1,-1,
1,2,1,4,1,2,1,-1,
1,2,1,3,2,2,1,-1,
0,1,1,2,3,2,2,1,-1,
0,2,1,9,-1,-1,-2
},
{							//A
0,3,1,3,-1,
0,2,1,1,1,2,-1,
0,1,1,3,1,1,-1,
1,1,3,1,1,-1,
1,5,1,-1,
1,5,1,-1,
1,5,1,-1,-2
},
{							//B
6,1,-1,
0,1,1,4,1,-1,
0,1,1,4,1,-1,
0,1,5,1,-1,
0,1,1,4,1,-1,
0,1,1,4,1,-1,
6,1,-1,-2
},
{							//C
0,1,6,-1,
1,6,-1,
1,6,-1,
1,6,-1,
1,6,-1,
1,6,-1,
0,1,6,-1,-2
},
{							//D
6,1,-1,
0,1,1,4,1,-1,
0,1,1,4,1,-1,
0,1,1,4,1,-1,
0,1,1,4,1,-1,
0,1,1,4,1,-1,
6,1,-1,-2
},
{							//E
7,-1,
1,6,-1,
1,6,-1,
4,3,-1,
1,6,-1,
1,6,-1,
7,-1,-2
},
{							//F
7,-1,
1,6,-1,
1,6,-1,
4,3,-1,
1,6,-1,
1,6,-1,
1,6,-1,-2
},
{							//G
0,1,5,1,-1,
1,5,1,-1,
1,6,-1,
1,6,-1,
1,3,3,-1,
1,5,1,-1,
0,1,5,1,-1,-2
},
{							//H
1,5,1,-1,
1,5,1,-1,
1,5,1,-1,
7,-1,
1,5,1,-1,
1,5,1,-1,
1,5,1,-1,-2
},
{							//I
7,-1,
0,3,1,3,-1,
0,3,1,3,-1,
0,3,1,3,-1,
0,3,1,3,-1,
0,3,1,3,-1,
7,-1,-2
},
{							//J
7,-1,
0,3,1,3,-1,
0,3,1,3,-1,
0,3,1,3,-1,
1,2,1,3,-1,
1,2,1,3,-1,
0,2,1,4,-1,-2
},
{							//K
1,5,1,-1,
1,3,1,2,-1,
1,1,1,4,-1,
2,5,-1,
1,1,1,4,-1,
1,3,1,2,-1,
1,5,1,-1,-2
},
{							//L
1,6,-1,
1,6,-1,
1,6,-1,
1,6,-1,
1,6,-1,
1,6,-1,
0,1,6,-1,-2
},
{							//M
1,5,1,-1,
2,3,2,-1,
1,1,1,1,1,1,1,-1,
1,2,1,2,1,-1,
1,5,1,-1,
1,5,1,-1,
1,5,1,-1,-2
},
{							//N
1,5,1,-1,
2,4,1,-1,
1,1,1,3,1,-1,
1,2,1,2,1,-1,
1,3,1,1,1,-1,
1,4,2,-1,
1,5,1,-1,-2
},
{							//O
0,1,5,1,-1,
1,5,1,-1,
1,5,1,-1,
1,5,1,-1,
1,5,1,-1,
1,5,1,-1,
0,1,5,1,-1,-2
},
{							//P
6,1,-1,
1,5,1,-1,
1,5,1,-1,
6,1,-1,
1,6,-1,
1,6,-1,
1,6,-1,-2
},
{							//Q
0,1,5,1,-1,
1,5,1,-1,
1,5,1,-1,
1,5,1,-1,
1,5,1,-1,
0,1,3,1,1,1,-1,
0,6,1,-1,-2
},
{							//R
6,1,-1,
1,5,1,-1,
1,5,1,-1,
6,1,-1,
1,2,1,3,-1,
1,3,1,2,-1,
1,5,1,-1,-2
},
{							//S
0,1,6,-1,
1,6,-1,
1,6,-1,
0,1,5,1,-1,
0,6,1,-1,
0,6,1,-1,
6,1,-1,-2
},
{							//T
7,-1,
0,3,1,3,-1,
0,3,1,3,-1,
0,3,1,3,-1,
0,3,1,3,-1,
0,3,1,3,-1,
0,3,1,3,-1,-2
},
{							//U
1,5,1,-1,
1,5,1,-1,
1,5,1,-1,
1,5,1,-1,
1,5,1,-1,
1,5,1,-1,
0,1,5,1,-1,-2
},
{							//V
1,5,1,-1,
1,5,1,-1,
1,5,1,-1,
1,5,1,-1,
0,1,1,3,1,1,-1,
0,2,1,1,1,2,-1,
0,3,1,3,-1,-2
},
{							//W
1,5,1,-1,
1,5,1,-1,
1,5,1,-1,
1,5,1,-1,
1,2,1,2,1,-1,
1,2,1,2,1,-1,
0,1,2,1,2,1,-1,-2
},
{							//X
1,5,1,-1,
0,1,1,3,1,1,-1,
0,2,1,1,1,2,-1,
0,3,1,3,-1,
0,2,1,1,1,2,-1,
0,1,1,3,1,1,-1,
1,5,1,-1,-2
},
{							//Y
1,5,1,-1,
1,5,1,-1,
0,1,1,3,1,1,-1,
0,2,1,1,1,2,-1,
0,3,1,3,-1,
0,3,1,3,-1,
0,3,1,3,-1,-2
},
{							//Z
7,-1,
0,5,1,1,-1,
0,4,1,2,-1,
0,3,1,3,-1,
0,2,1,4,-1,
0,1,1,5,-1,
7,-1,-2
},
{								//[
3,-1,
1,2,-1,
1,2,-1,
1,2,-1,
1,2,-1,
1,2,-1,
3,-1,-2
},
{								// \
1,6,-1,
0,1,1,5,-1,
0,2,1,4,-1,
0,3,1,3,-1,
0,4,1,2,-1,
0,5,1,1,-1,
0,6,1,-1,-2
},
{								//]
3,-1,
0,2,1,-1,
0,2,1,-1,
0,2,1,-1,
0,2,1,-1,
0,2,1,-1,
3,-1,-2
},
{								//^
0,4,2,4,-1,
0,2,2,2,2,2,-1,
2,6,2,-1,
0,10,-1,
0,10,-1,
0,10,-1,
0,10,-1,-2
},
{								//_
0,7,-1,
0,7,-1,
0,7,-1,
0,7,-1,
0,7,-1,
0,7,-1,
7,-1,-2
},
{								//`
0,1,2,4,-1,
0,3,2,2,-1,
0,5,2,-1,
0,7,-1,
0,7,-1,
0,7,-1,
0,7,-1,-2
},











GAP
GAP
GAP
GAP
GAP
GAP
GAP
GAP
GAP
GAP
GAP
GAP
GAP
GAP
GAP
GAP
GAP
GAP
GAP
GAP
GAP
GAP
GAP
GAP
GAP
GAP
GAP
GAP
GAP
GAP
GAP
GAP
GAP
GAP
GAP
GAP
GAP
GAP
GAP
GAP
GAP
GAP
GAP
GAP
GAP
GAP
GAP
GAP
GAP
GAP
GAP
GAP
GAP
GAP
GAP
GAP
GAP
GAP
GAP
GAP
GAP
GAP
GAP
GAP
GAP
GAP
GAP
GAP
GAP



ASCII (123-126)


{								//{
0,3,3,-1,
0,2,1,3,-1,
0,2,1,3,-1,
1,5,-1,
0,2,1,3,-1,
0,2,1,3,-1,
0,3,3,-1,-2
},
{								// |
0,1,1,1,-1,
0,1,1,1,-1,
0,1,1,1,-1,
0,1,1,1,-1,
0,1,1,1,-1,
0,1,1,1,-1,
0,1,1,1,-1,-2
},
{								//}
3,3,-1,
0,3,1,2,-1,
0,3,1,2,-1,
0,5,1,-1,
0,3,1,2,-1,
0,3,1,2,-1,
3,3,-1,-2
},
{								//~
0,13,-1,
0,13,-1,
0,2,3,8,-1,
1,5,1,5,1,-1,
0,8,3,2,-1,
0,13,-1,
0,13,-1,-2
}

